kff1 = 0.207085582059 ;
kff2 = -0.315907169438 ;
kff3 = 0.186776104657 ;
kq940 = -0.231346020330 ;
