!magnet mechanic lengths for entire element
!l_ecmag=2.2;
l_ECMAG=2.16992000 ; ! new
l_v901=3.048;
!l_v906=1.506220;!mech
!l_v907=1.506220;!mech
l_v906=1.524;!eff L
l_v907=1.524;!eff L
l_v936=1.2192;
l_v943=1.2192;
l_h910=3.048;
l_h911=3.048;
l_h912=3.048;
l_h916=3.048;
l_h917=3.048;
l_h918=3.048;
l_hda1=1.458722;
l_h936a=0.15875;!NDA
l_h936b=0.3048;!IDV

!l_h938=0.15875;!0.3048;

l_q901=1.*0.421132   ;!  0.4572 ;
l_q902=1.*0.791972   ;!  0.82804  ;
l_q903=1.*0.791972   ;!  0.82804  ;
l_q904=1.*0.791972   ;!  0.82804  ;
l_q905=1.*0.421132 ;! 0.4572 ;
l_q906=1.*0.664972  ;!  0.70104  ;
l_q907=1.*0.791972   ;!  0.82804  ;
l_q908=1.*0.421132 ;! 0.4572 ;
l_q909=1.*0.421132 ;! 0.4572 ;
l_q910=1.*0.664972  ;!  0.70104  ;
l_q911=1.*0.664972  ;!  0.70104  ;
l_q912=1.*0.421132 ;! 0.4572 ;
l_q913=1.*0.791972   ;!  0.82804  ;
l_q914=1.*0.791972   ;!  0.82804  ;
l_q915=1.*0.791972   ;!  0.82804  ; 
l_q916=1.*0.791972   ;!  0.82804  ;
l_q917=1.*0.421132 ;! 0.4572 ;
l_q918=1.*0.664972  ;!  0.70104  ;
l_q919=1.*0.421132 ;! 0.4572 ;
l_q920=1.*0.421132 ;! 0.4572 ;
l_q921=1.*0.421132 ;! 0.4572 ;
l_q922=1.*0.421132 ;! 0.4572 ;
l_q923=1.*0.421132 ;! 0.4572 ;
l_q924=1.*0.421132 ;! 0.4572 ;
l_q925=1.*0.421132 ;! 0.4572 ;
l_q926=1.*0.421132 ;! 0.4572 ;
l_q927=1.*0.421132 ;! 0.4572 ;
l_q928=1.*0.604012  ;! 0.64008 ;
l_q929=1.*0.421132 ;! 0.4572 ;
l_q930=1.*0.421132 ;! 0.4572 ;
l_q931=1.*0.421132 ;! 0.4572 ; 
l_q932=1.*0.421132 ;! 0.4572 ; 
l_q933=1.*0.604012  ;! 0.64008 ;
l_q934=1.*0.604012  ;! 0.64008 ;
l_q935=1.*1.275588 ;! 1.3117 ;
l_q936=1.*0.604012  ;! 0.64008 ;
l_q937=1.*0.704088  ;! 0.77216 ;
l_q938=1.*0.805688  ;! 0.87 ;
l_q939=1.*0.704088  ;! 0.77216 ;
l_q940=1.*0.421132 ;! 0.4572;
l_q941=1.*0.704088  ;! 0.77216 ;
l_q942=1.*0.805688  ;! 0.87 ;
l_q943=1.*0.704088  ;! 0.77216 ;
!
l_qDA01=1.*3.048;
l_qDA02=1.*3.048;

!steel L for correctors
l_ht900=0.15875;!0.3048;
l_ht901=0.466852;!0.5842;
l_ht905=0.466852;!0.5842;
l_ht906=0.466852;!0.5842;
l_ht909=0.15875;!0.3048;
l_ht914=0.15875;!0.3048;
l_ht919=0.15875;!0.3048;
l_ht927=0.15875;!0.3048;
l_ht928=0.466852;!0.5842;
l_ht930=0.466852;!0.5842;
l_ht936a=0.15875;!0.3048;
!l_ht936b=0.15875;!0.3048;
l_ht936b=0.3048;
l_ht938=0.3048;
l_ht940=0.3048;!1.2192;
l_ht943=1.2192;!old, now divided in two IDV
l_ht943a=0.3048;
l_ht943b=0.3048;
!
l_vt909=0.15875;!0.3048;
l_vt911=0.15875;!0.3048;
l_vt914=0.15875;!0.3048;
l_vt919=0.15875;!0.3048;
l_vt921=0.15875;!0.3048;
l_vt927=0.15875;!0.3048;
l_vt930=0.466852;!0.5842;
l_vt933=0.15875;!0.3048;
l_vt936=0.15875;!0.3048;
l_vt938a=0.3048;!two IDVs replacing one CDA and moved upstreams
l_vt938b=0.3048;
l_vt940=1.2192;!no more used
l_vt940a=0.3048;!two IDVs replacing one CDA, no more used
l_vt940b=0.3048;!no more used
l_vt942=0.3048;!1.2192;
