!magnet mechanic lengths
l_ecmag=2.16992000;!new length of ECAMG, it was 2.2;
!l_ecmag=2.2;
l_v901=3.048;
l_v906=1.524;
l_v907=1.524;
l_v936=1.2192;
l_v943=1.2192;
l_h910=3.048;
l_h911=3.048;
l_h912=3.048;
l_h916=3.048;
l_h917=3.048;
l_h918=3.048;
l_h936a=0.3048;! NDA
l_h936b=0.425958;!16.77" IDV
l_hda1=1.524;

l_q901= 0.4572 ;
l_q902=  0.82804  ;
l_q903=  0.82804  ;
l_q904=  0.82804  ;
l_q905= 0.4572 ;
l_q906=  0.70104  ;
l_q907=  0.82804  ;
l_q908= 0.4572 ;
l_q909= 0.4572 ;
l_q910=  0.70104  ;
l_q911=  0.70104  ;
l_q912= 0.4572 ;
l_q913=  0.82804  ;
l_q914=  0.82804  ;
l_q915=  0.82804  ; 
l_q916=  0.82804  ;
l_q917= 0.4572 ;
l_q918=  0.70104  ;
l_q919= 0.4572 ;
l_q920= 0.4572 ;
l_q921= 0.4572 ;
l_q922= 0.4572 ;
l_q923= 0.4572 ;
l_q924= 0.4572 ;
l_q925= 0.4572 ;
l_q926= 0.4572 ;
l_q927= 0.4572 ;
l_q928= 0.64008 ;
l_q929= 0.4572 ;
l_q930 = 0.4572 ;
l_q931= 0.4572 ; 
l_q932= 0.4572 ; 
l_q933= 0.64008 ;
l_q934= 0.64008 ;
l_q935= 1.3117 ;
l_q936= 0.64008 ;
l_q937= 0.77216 ;
l_q938= 0.87 ;
l_q939= 0.77216 ;
l_q940= 0.4572;
l_q941= 0.77216 ;
l_q942= 0.87 ;
l_q943= 0.77216 ;
!
l_qDA01=3.048;
l_qDA02=3.048;
!
l_ht900=0.3048;
l_ht901=0.5842;
l_ht905=0.5842;
l_ht906=0.5842;
l_ht909=0.3048;
l_ht914=0.3048;
l_ht919=0.3048;
l_ht927=0.3048;
l_ht928=0.5842;
l_ht930=0.5842;
l_ht936 =0.3048;
l_ht936a=0.3048;
l_ht936b=0.425958;! IDV used as a dipole, it was a NDA 0.3048;
l_ht938=0.425958;
!l_ht940=1.2192;
l_ht940=0.425958;
l_ht943=1.2192;!it was a CDA
l_ht943a=0.425958;!two IDVs replacing one CDA
l_ht943b=0.425958;
!
l_vt909=0.3048;
l_vt911=0.3048;
l_vt914=0.3048;
l_vt919=0.3048;
l_vt921=0.3048;
l_vt927=0.3048;
l_vt930=0.5842;
l_vt933=0.3048;
l_vt936=0.3048;
l_vt938a=0.425958;!16.77" IDV two IDVs replacing one CDA
l_vt938b=0.425958;!16.77" IDV
l_vt940=1.2192;!no more used
l_vt940a=0.425958;!two IDVs replacing one CDA, no more used
l_vt940b=0.425958;!no more used
!l_vt942=1.2192;!it was a CDA
l_vt942=0.425958;!now IDV
